2.0 18.0 9.0 27.0
8.0 15.0 15.0 20.0
7.0 6.0 9.0 9.0
11.0 14.0 17.0 31.0
0.0 12.0 3.0 17.0
13.0 9.0 21.0 28.0
9.0 3.0 23.0 7.0
12.0 2.0 20.0 16.0
7.0 13.0 24.0 20.0
17.0 1.0 34.0 18.0
2.0 15.0 14.0 26.0
11.0 4.0 28.0 4.0
11.0 3.0 13.0 9.0
8.0 1.0 20.0 8.0
12.0 6.0 27.0 25.0
7.0 1.0 21.0 4.0
11.0 0.0 25.0 16.0
11.0 7.0 28.0 16.0
10.0 11.0 27.0 14.0
6.0 1.0 22.0 19.0
19.0 6.0 20.0 12.0
10.0 0.0 26.0 15.0
10.0 0.0 15.0 17.0
3.0 2.0 14.0 13.0
13.0 2.0 20.0 21.0
2.0 17.0 16.0 32.0
3.0 8.0 19.0 21.0
9.0 8.0 15.0 16.0
13.0 1.0 26.0 16.0
16.0 12.0 31.0 12.0
15.0 7.0 27.0 16.0
5.0 9.0 5.0 17.0
8.0 4.0 12.0 20.0
18.0 15.0 25.0 20.0
18.0 9.0 20.0 13.0
10.0 11.0 14.0 24.0
18.0 10.0 21.0 14.0
12.0 0.0 25.0 1.0
0.0 14.0 5.0 15.0
19.0 14.0 35.0 22.0
15.0 15.0 15.0 29.0
5.0 13.0 18.0 13.0
13.0 17.0 26.0 32.0
10.0 1.0 25.0 1.0
1.0 9.0 17.0 10.0
12.0 2.0 16.0 21.0
17.0 11.0 35.0 22.0
0.0 7.0 5.0 26.0
18.0 8.0 19.0 17.0
14.0 15.0 32.0 33.0
4.0 5.0 7.0 10.0
13.0 6.0 27.0 7.0
11.0 18.0 16.0 25.0
13.0 11.0 23.0 17.0
16.0 0.0 27.0 13.0
19.0 0.0 33.0 2.0
4.0 6.0 6.0 7.0
15.0 13.0 26.0 26.0
7.0 16.0 20.0 28.0
0.0 1.0 8.0 5.0
5.0 6.0 15.0 17.0
4.0 18.0 16.0 23.0
12.0 19.0 30.0 37.0
5.0 11.0 13.0 18.0
10.0 15.0 14.0 26.0
10.0 19.0 13.0 20.0
5.0 5.0 20.0 8.0
4.0 8.0 15.0 18.0
14.0 11.0 15.0 16.0
12.0 3.0 27.0 3.0
9.0 9.0 28.0 16.0
0.0 0.0 16.0 7.0
15.0 19.0 34.0 38.0
17.0 16.0 29.0 21.0
2.0 8.0 16.0 16.0
17.0 3.0 35.0 9.0
17.0 11.0 34.0 25.0
17.0 11.0 35.0 13.0
3.0 0.0 21.0 9.0
4.0 17.0 20.0 18.0
15.0 6.0 33.0 6.0
15.0 16.0 25.0 25.0
17.0 16.0 18.0 35.0
14.0 18.0 21.0 32.0
3.0 17.0 12.0 17.0
11.0 11.0 29.0 18.0
14.0 11.0 19.0 30.0
10.0 12.0 23.0 14.0
4.0 11.0 7.0 18.0
19.0 1.0 23.0 17.0
9.0 10.0 15.0 21.0
7.0 2.0 8.0 21.0
7.0 17.0 11.0 21.0
4.0 0.0 21.0 15.0
17.0 8.0 24.0 12.0
16.0 16.0 29.0 21.0
0.0 9.0 11.0 23.0
12.0 12.0 20.0 21.0
6.0 8.0 6.0 21.0
5.0 15.0 11.0 17.0