200
640  385  959  788 
705  53  1144  55 
805  115  1760  625 
732  667  1451  1258 
555  204  1151  1082 
327  637  695  684 
385  173  1041  500 
544  388  1299  779 
376  369  611  708 
86  966  127  1295 
169  50  808  537 
190  173  584  1093 
513  157  536  1153 
755  978  1183  1577 
57  753  702  1456 
25  775  985  1232 
310  311  776  1254 
378  319  833  1234 
955  322  1050  434 
16  434  784  628 
935  930  1233  1883 
616  814  671  1036 
987  549  1569  1358 
232  501  1189  1372 
550  659  1125  1037 
3  878  426  1551 
233  260  428  999 
476  246  1267  650 
246  670  1100  1328 
581  338  1560  524 
494  637  665  1095 
567  331  1479  1330 
246  961  1195  1918 
448  196  984  938 
560  97  944  354 
761  474  806  728 
882  436  1653  833 
683  801  858  1718 
512  220  675  359 
815  772  1489  1526 
837  305  1589  718 
175  964  507  1122 
537  226  1477  403 
204  216  363  863 
161  269  508  995 
845  485  1433  779 
766  507  1006  1224 
975  866  1795  1582 
549  14  673  431 
765  610  1427  1395 
625  704  1113  1664 
748  214  1226  645 
402  507  1330  1131 
662  923  782  1132 
214  841  373  1236 
359  220  1305  716 
142  585  775  933 
330  145  617  635 
199  6  960  609 
656  515  1642  897 
305  355  1282  1234 
426  379  1287  741 
726  83  862  1005 
927  296  1141  643 
905  885  1877  1204 
163  264  905  835 
858  34  1473  506 
484  380  954  826 
563  702  968  1443 
403  566  968  883 
22  236  505  285 
881  946  1023  975 
907  590  1819  1031 
638  692  1075  1124 
988  365  1280  747 
289  447  1232  674 
743  185  885  1000 
366  625  754  1424 
855  331  1353  573 
504  199  1158  1125 
492  878  991  1225 
368  789  386  1298 
568  764  1499  1698 
104  144  415  873 
401  511  1367  716 
371  341  1237  594 
445  552  1045  1185 
253  294  620  702 
23  376  533  1337 
609  388  1579  841 
232  931  560  1027 
645  345  936  687 
459  20  1033  932 
782  626  929  1263 
167  619  887  851 
97  971  238  1417 
884  344  1030  866 
907  906  1381  1452 
577  512  1534  549 
283  288  865  372 
826  507  1737  983 
557  233  1031  715 
481  417  1417  804 
111  3  981  478 
727  127  1714  975 
8  681  524  1071 
724  350  948  556 
255  729  538  815 
267  286  1010  1163 
768  739  1682  927 
120  874  482  1360 
314  983  838  1494 
962  838  1155  1702 
7  580  246  1403 
125  993  1109  1666 
135  358  697  696 
529  509  1011  1185 
384  760  723  1338 
521  94  806  1015 
761  364  1209  875 
515  307  1463  673 
756  841  1312  944 
625  445  929  1149 
545  458  1119  1129 
711  730  974  1140 
299  433  961  1132 
515  736  1069  1029 
885  738  1786  1731 
816  272  983  319 
510  175  1507  506 
773  176  1247  773 
124  817  756  820 
887  730  1156  972 
610  131  924  1008 
256  642  472  1511 
84  378  938  1272 
49  818  493  1579 
839  115  1666  244 
376  372  645  1140 
744  890  1369  1712 
978  575  1280  1428 
145  444  1121  458 
409  717  814  1011 
567  22  597  712 
651  75  900  127 
772  613  1162  1180 
315  441  780  520 
971  208  1657  1136 
872  940  1488  1528 
239  399  802  539 
584  65  1061  610 
441  910  644  1665 
57  154  440  1070 
211  888  939  1228 
599  771  1199  1195 
789  39  900  465 
799  675  1782  1527 
769  933  1221  1153 
18  357  421  498 
54  68  789  1047 
697  347  1374  1174 
574  527  1000  721 
678  733  1662  1295 
557  303  1087  1262 
953  620  979  1375 
423  618  1390  818 
514  475  916  1076 
584  846  961  1479 
244  561  1182  568 
704  833  1431  1434 
3  932  969  1129 
231  727  557  926 
360  675  1152  684 
238  638  346  951 
623  378  1453  528 
881  706  1189  1183 
111  17  266  960 
23  421  907  1111 
834  719  1278  1036 
829  263  1127  853 
6  116  578  187 
371  3  903  630 
77  245  395  925 
557  252  990  384 
198  189  1143  350 
933  71  1700  491 
297  940  927  1709 
144  743  734  1075 
204  164  1190  704 
129  35  916  885 
478  843  638  1799 
329  524  1251  1215 
888  998  1146  1245 
467  822  1189  833 
701  946  761  1047 
712  794  1561  1418 
218  800  516  1605 
252  81  1044  460 
227  165  1178  240 
606  526  614  1106 