100
2  18  9  27 
8  15  15  20 
7  6  9  9 
11  14  17  31 
0  12  3  17 
13  9  21  28 
9  3  23  7 
12  2  20  16 
7  13  24  20 
17  1  34  18 
2  15  14  26 
11  4  28  4 
11  3  13  9 
8  1  20  8 
12  6  27  25 
7  1  21  4 
11  0  25  16 
11  7  28  16 
10  11  27  14 
6  1  22  19 
19  6  20  12 
10  0  26  15 
10  0  15  17 
3  2  14  13 
13  2  20  21 
2  17  16  32 
3  8  19  21 
9  8  15  16 
13  1  26  16 
16  12  31  12 
15  7  27  16 
5  9  5  17 
8  4  12  20 
18  15  25  20 
18  9  20  13 
10  11  14  24 
18  10  21  14 
12  0  25  1 
0  14  5  15 
19  14  35  22 
15  15  15  29 
5  13  18  13 
13  17  26  32 
10  1  25  1 
1  9  17  10 
12  2  16  21 
17  11  35  22 
0  7  5  26 
18  8  19  17 
14  15  32  33 
4  5  7  10 
13  6  27  7 
11  18  16  25 
13  11  23  17 
16  0  27  13 
19  0  33  2 
4  6  6  7 
15  13  26  26 
7  16  20  28 
0  1  8  5 
5  6  15  17 
4  18  16  23 
12  19  30  37 
5  11  13  18 
10  15  14  26 
10  19  13  20 
5  5  20  8 
4  8  15  18 
14  11  15  16 
12  3  27  3 
9  9  28  16 
0  0  16  7 
15  19  34  38 
17  16  29  21 
2  8  16  16 
17  3  35  9 
17  11  34  25 
17  11  35  13 
3  0  21  9 
4  17  20  18 
15  6  33  6 
15  16  25  25 
17  16  18  35 
14  18  21  32 
3  17  12  17 
11  11  29  18 
14  11  19  30 
10  12  23  14 
4  11  7  18 
19  1  23  17 
9  10  15  21 
7  2  8  21 
7  17  11  21 
4  0  21  15 
17  8  24  12 
16  16  29  21 
0  9  11  23 
12  12  20  21 
6  8  6  21 
5  15  11  17 